<?xml version="1.0" encoding="UTF-8" standalone="no"?>
<!DOCTYPE svg PUBLIC "-//W3C//DTD SVG 20010904//EN"
              "http://www.w3.org/TR/2001/REC-SVG-20010904/DTD/svg10.dtd">

<svg xmlns="http://www.w3.org/2000/svg"
     width="0.644444in" height="0.566667in"
     viewBox="0 0 58 51">
  <path id="rect827"
        fill="none" stroke="black" stroke-width="1"
        d="M 15.00,18.36
           C 16.66,18.36 18.00,19.69 18.00,21.33
             18.00,22.98 16.66,24.31 15.00,24.31
             13.34,24.31 12.00,22.98 12.00,21.33
             12.00,19.69 13.34,18.36 15.00,18.36
             15.00,18.36 15.00,18.36 15.00,18.36 Z
           M 29.00,18.36
           C 30.66,18.36 32.00,19.69 32.00,21.33
             32.00,22.98 30.66,24.31 29.00,24.31
             27.34,24.31 26.00,22.98 26.00,21.33
             26.00,19.69 27.34,18.36 29.00,18.36
             29.00,18.36 29.00,18.36 29.00,18.36 Z
           M 43.00,18.36
           C 44.66,18.36 46.00,19.69 46.00,21.33
             46.00,22.98 44.66,24.31 43.00,24.31
             41.34,24.31 40.00,22.98 40.00,21.33
             40.00,19.69 41.34,18.36 43.00,18.36
             43.00,18.36 43.00,18.36 43.00,18.36 Z" />
</svg>
