<?xml version="1.0" encoding="UTF-8" standalone="no"?>
<!DOCTYPE svg PUBLIC "-//W3C//DTD SVG 20010904//EN"
              "http://www.w3.org/TR/2001/REC-SVG-20010904/DTD/svg10.dtd">

<svg xmlns="http://www.w3.org/2000/svg"
     width="0.644444in" height="0.566667in"
     viewBox="0 0 58 51">
  <path id="path2"
        fill="none" stroke="black" stroke-width="1"
        d="M 5.00,0.00
           C 2.28,0.00 0.00,2.26 0.00,4.96
             0.00,4.96 0.00,37.69 0.00,37.69
             0.00,40.39 2.28,42.65 5.00,42.65
             5.00,42.65 7.00,42.65 7.00,42.65
             7.00,42.65 13.00,42.65 13.00,42.65
             13.00,42.65 15.00,42.65 15.00,42.65
             15.00,42.65 15.00,51.00 15.00,51.00
             15.00,51.00 23.24,42.00 23.24,42.00
             23.24,42.00 28.24,36.24 28.24,36.24
             28.60,35.83 29.23,35.78 29.65,36.14
             30.07,36.49 30.12,37.12 29.76,37.54
             29.76,37.54 25.32,42.65 25.32,42.65
             25.32,42.65 53.00,42.65 53.00,42.65
             55.72,42.65 58.00,40.39 58.00,37.69
             58.00,37.69 58.00,4.96 58.00,4.96
             58.00,2.26 55.72,0.00 53.00,0.00
             53.00,0.00 5.00,0.00 5.00,0.00 Z
           M 43.00,18.36
           C 44.66,18.36 46.00,19.69 46.00,21.33
             46.00,22.98 44.66,24.31 43.00,24.31
             41.34,24.31 40.00,22.98 40.00,21.33
             40.00,19.69 41.34,18.36 43.00,18.36
             43.00,18.36 43.00,18.36 43.00,18.36 Z
           M 29.00,18.36
           C 30.66,18.36 32.00,19.69 32.00,21.33
             32.00,22.98 30.66,24.31 29.00,24.31
             27.34,24.31 26.00,22.98 26.00,21.33
             26.00,19.69 27.34,18.36 29.00,18.36
             29.00,18.36 29.00,18.36 29.00,18.36 Z
           M 15.00,18.36
           C 16.66,18.36 18.00,19.69 18.00,21.33
             18.00,22.98 16.66,24.31 15.00,24.31
             13.34,24.31 12.00,22.98 12.00,21.33
             12.00,19.69 13.34,18.36 15.00,18.36
             15.00,18.36 15.00,18.36 15.00,18.36 Z" />
</svg>



